4.00
4.57
5.13
5.70
6.27
6.83
7.40
7.97
8.53
9.10
9.67
10.23
10.80
11.37
11.93
12.50
12.50
12.50
12.50
12.50
12.50
12.50
12.50
12.50
12.50
12.50
12.50
12.50
12.50
12.50
12.50
12.50
12.50
12.50
12.50
12.50
12.50
12.50
12.50
12.50
12.50
12.50
12.50
12.50
12.50
12.50
12.50
4.00
4.98
5.97
6.95
7.93
8.92
9.90
10.88
11.87
12.85
13.83
14.82
15.80
16.78
17.77
18.75
18.75
18.75
18.75
18.75
18.75
18.75
18.75
18.75
18.75
18.75
18.75
18.75
18.75
18.75
18.75
18.75
18.75
18.75
18.75
18.75
18.75
18.75
18.75
18.75
18.75
18.75
18.75
18.75
18.75
18.75
18.75
4.00
5.40
6.80
8.20
9.60
11.00
12.40
13.80
15.20
16.60
18.00
19.40
20.80
22.20
23.60
25.00
25.00
25.00
25.00
25.00
25.00
25.00
25.00
25.00
25.00
25.00
25.00
25.00
25.00
25.00
25.00
25.00
25.00
25.00
25.00
25.00
25.00
25.00
25.00
25.00
25.00
25.00
25.00
25.00
25.00
25.00
25.00
4.00
5.40
6.80
8.20
9.60
11.00
12.40
13.80
15.20
16.60
18.00
19.40
20.80
22.20
23.60
25.00
25.00
25.00
25.00
25.00
25.00
25.00
25.00
25.00
25.00
25.00
25.00
25.00
25.00
25.00
25.00
25.00
25.00
25.00
25.00
25.00
25.00
25.00
25.00
25.00
25.00
25.00
25.00
25.00
25.00
25.00
25.00
4.00
5.40
6.80
8.20
9.60
11.00
12.40
13.80
15.20
16.60
18.00
19.40
20.80
22.20
23.60
25.00
25.00
25.00
25.00
25.00
25.00
25.00
25.00
25.00
25.00
25.00
25.00
25.00
25.00
25.00
25.00
25.00
25.00
25.00
25.00
25.00
25.00
25.00
25.00
25.00
25.00
25.00
25.00
25.00
25.00
25.00
25.00
4.00
4.57
5.13
5.70
6.27
6.83
7.40
7.97
8.53
9.10
9.67
10.23
10.80
11.37
11.93
12.50
12.50
12.50
12.50
12.50
12.50
12.50
12.50
12.50
12.50
12.50
12.50
12.50
12.50
12.50
12.50
12.50
12.50
12.50
12.50
12.50
12.50
12.50
12.50
12.50
12.50
12.50
12.50
12.50
12.50
12.50
12.50
4.00
4.98
5.97
6.95
7.93
8.92
9.90
10.88
11.87
12.85
13.83
14.82
15.80
16.78
17.77
18.75
18.75
18.75
18.75
18.75
18.75
18.75
18.75
18.75
18.75
18.75
18.75
18.75
18.75
18.75
18.75
18.75
18.75
18.75
18.75
18.75
18.75
18.75
18.75
18.75
18.75
18.75
18.75
18.75
18.75
18.75
18.75
4.00
5.40
6.80
8.20
9.60
11.00
12.40
13.80
15.20
16.60
18.00
19.40
20.80
22.20
23.60
25.00
25.00
25.00
25.00
25.00
25.00
25.00
25.00
25.00
25.00
25.00
25.00
25.00
25.00
25.00
25.00
25.00
25.00
25.00
25.00
25.00
25.00
25.00
25.00
25.00
25.00
25.00
25.00
25.00
25.00
25.00
25.00
4.00
5.40
6.80
8.20
9.60
11.00
12.40
13.80
15.20
16.60
18.00
19.40
20.80
22.20
23.60
25.00
25.00
25.00
25.00
25.00
25.00
25.00
25.00
25.00
25.00
25.00
25.00
25.00
25.00
25.00
25.00
25.00
25.00
25.00
25.00
25.00
25.00
25.00
25.00
25.00
25.00
25.00
25.00
25.00
25.00
25.00
25.00
4.00
5.40
6.80
8.20
9.60
11.00
12.40
13.80
15.20
16.60
18.00
19.40
20.80
22.20
23.60
25.00
25.00
25.00
25.00
25.00
25.00
25.00
25.00
25.00
25.00
25.00
25.00
25.00
25.00
25.00
25.00
25.00
25.00
25.00
25.00
25.00
25.00
25.00
25.00
25.00
25.00
25.00
25.00
25.00
25.00
25.00
25.00
4.00
4.57
5.13
5.70
6.27
6.83
7.40
7.97
8.53
9.10
9.67
10.23
10.80
11.37
11.93
12.50
12.50
12.50
12.50
12.50
12.50
12.50
12.50
12.50
12.50
12.50
12.50
12.50
12.50
12.50
12.50
12.50
12.50
12.50
12.50
12.50
12.50
12.50
12.50
12.50
12.50
12.50
12.50
12.50
12.50
12.50
12.50
4.00
4.98
5.97
6.95
7.93
8.92
9.90
10.88
11.87
12.85
13.83
14.82
15.80
16.78
17.77
18.75
18.75
18.75
18.75
18.75
18.75
18.75
18.75
18.75
18.75
18.75
18.75
18.75
18.75
18.75
18.75
18.75
18.75
18.75
18.75
18.75
18.75
18.75
18.75
18.75
18.75
18.75
18.75
18.75
18.75
18.75
18.75
4.00
5.40
6.80
8.20
9.60
11.00
12.40
13.80
15.20
16.60
18.00
19.40
20.80
22.20
23.60
25.00
25.00
25.00
25.00
25.00
25.00
25.00
25.00
25.00
25.00
25.00
25.00
25.00
25.00
25.00
25.00
25.00
25.00
25.00
25.00
25.00
25.00
25.00
25.00
25.00
25.00
25.00
25.00
25.00
25.00
25.00
25.00
4.00
5.40
6.80
8.20
9.60
11.00
12.40
13.80
15.20
16.60
18.00
19.40
20.80
22.20
23.60
25.00
25.00
25.00
25.00
25.00
25.00
25.00
25.00
25.00
25.00
25.00
25.00
25.00
25.00
25.00
25.00
25.00
25.00
25.00
25.00
25.00
25.00
25.00
25.00
25.00
25.00
25.00
25.00
25.00
25.00
25.00
25.00
4.00
5.40
6.80
8.20
9.60
11.00
12.40
13.80
15.20
16.60
18.00
19.40
20.80
22.20
23.60
25.00
25.00
25.00
25.00
25.00
25.00
25.00
25.00
25.00
25.00
25.00
25.00
25.00
25.00
25.00
25.00
25.00
25.00
25.00
25.00
25.00
25.00
25.00
25.00
25.00
25.00
25.00
25.00
25.00
25.00
25.00
25.00